100
11 5 16 5 0 0
3 1 3 2 2 0
3 1 3 2 1 0
2 1 5 1 1 1
36 41 85 76 28 49
961387294 1 961529800 480693648 0 1
603644933 10162896 366356943 357371610 44916656 30496847
324846294 93197324 739903381 971744139 47903797 614455020
950843406 1 956590548 475421704 0 1
277182562 263867849 737241726 226958515 451169806 64867577
953225132 1 479527310 476612565 0 2
911917348 1 903333133 455958673 0 1
946506637 1 946747199 473253318 0 1
923119771 1 305787407 461559887 0 3
981886828 1 492733118 490943414 0 2
965539808 1 956222012 482769903 0 1
947784778 1 952703754 473892388 0 1
997335256 1 331245507 498667628 0 3
953782274 1 315783693 476891138 0 3
6933275 469339107 607811212 629431446 0 0
909302308 1 903986055 454651153 0 1
970684350 1 963232865 485342176 0 1
824673877 344832108 439913803 897833428 64696307 519721170
937951070 1 940960483 468975534 0 1
991628225 1 329384727 495814113 0 3
956672525 1 239360605 478336264 0 4
28 5 50 7 0 0
946352567 1 471949264 473176284 0 2
936265326 139046400 605096252 444199623 102057842 0
917491109 1 922111340 458745553 0 1
939488343 1 939811619 469744171 0 1
923671473 1 925147035 461835735 0 1
287580094 43191370 774408923 105196827 68285118 1293352
966580035 1 242217287 483290018 0 4
963650094 1 957661622 481825047 0 1
933384128 1 928021671 466692063 0 1
192323883 135764477 651963415 39522371 0 0
901723206 1 908897881 450861603 0 1
80 15 55 89 33 87
914918923 1 911789667 457459462 0 1
889421384 32599357 616881122 445776082 40967782 13583936
974544626 1 327300686 487272313 0 3
504005301 446 638296348 282741689 3 3295553
1440 320 3554 635 238 45
978058476 69264805 502785741 176028090 0 0
930246046 1 927492194 465123023 0 1
92 1 19 23 0 0
934041236 1 936237598 467020617 0 1
944811491 1 943116433 472405744 0 1
936606406 1 931104439 468303202 0 1
978036595 1 976353091 489018296 0 1
955974202 1 956938143 477987100 0 1
920659059 1 924636779 460329528 0 1
943549540 1 234695108 471774769 0 4
9562 723 6334 4780 39 2022
749187719 100046052 666991556 357062220 18235852 40068113
929176897 1 232036990 464588448 0 4
1812 1 2291 752 4 24
978444566 1 242299017 489222282 0 4
953566529 1 954177839 476783264 0 1
219645030 103190502 867990490 91274730 9284613 24720397
677382385 67 666130221 295384581 2 31402563
931656580 1 925493109 465828291 0 1
109246830 50 529383126 59260069 4 6665515
909472504 1 903674992 454736253 0 1
298017958 776001 556945473 141019405 87383946 311700
26 1 60 13 3 2
921076058 1 307467375 460538030 0 3
88 7 48 60 0 0
4398 298 6024 2226 135 1604
913320478 1 912198532 456660240 0 1
989398782 1 985363326 494699390 0 1
927023361 1 933044203 463511681 0 1
929778082 1 465217185 464889040 0 2
907782553 856 220067054 165962706 4 16887613
921941945 1 913721980 460970972 0 1
22669632 9858 289125183 10864997 0 0
262968381 257064502 784493536 593046900 12580175 211080368
945707233 1 313128279 472853619 0 3
9591 31 4939 2885 422 36
99 2 2 8 0 0
942546602 1 472091716 471273303 0 2
909412573 1 917239184 454706285 0 1
900001121 1 900514013 450000560 0 1
819315560 9790093 125312873 200614749 189337 13680295
931576967 7027300 383466131 534093799 28494263 56680746
977579151 1 974849183 488789575 0 1
1000000000 1 1000000000 1 1 0
987685731 1 494185864 493842864 0 2
95 4 23 34 0 0
937228000 1 937599088 468614000 0 1
930375021 1 463064127 465187510 0 2
666668233 334 699693390 319923515 1 1161484
938361647 1 940286811 469180824 0 1
979034960 1 977496568 489517479 0 1
918658948 1 922327963 459329473 0 1
950302466 1 941597553 475151233 0 1
991828255 1 991594587 495914126 0 1
934131535 1 234048741 467065771 0 4
901934661 1 225822093 450967331 0 4
