100
2 1
100 20
200 10
2 2
100 20
200 10
3 2
100 10
100 10
100 10
4 2
9 3
7 1
10 1
8 4
1 1
1 1
10 6
74613 67896
17204 294462
705364 7182
11286 448868
165186 30668
150552 33649
376257 13464
430008 11781
30107 168264
14212 356454
4 3
343475 257915
918451 96453
518634 170809
248180 356948
10 3
130247 229638
182823 163599
90836 329271
79097 378139
92638 322866
598265 49994
593375 50406
70773 422614
32557 918686
328324 91098
7 5
25595 2490
29677 2748
21332 2183
21661 2858
231219 76
28180 2841
261060 20
8 3
81586 474975
402693 224547
602805 912788
563627 297870
777335 587007
583459 403113
279602 952102
144351 18762
2 1
23626 2317
238932 44
6 1
27460 2599
28808 2048
269096 45
26493 2625
237979 50
29418 2719
3 1
26933 2311
28532 2463
237839 100
6 1
142834 275898
55290 712744
82601 477084
916094 43017
229270 171883
248663 158478
9 5
69768 270599
74214 254388
23142 815796
22059 855848
23436 805562
463884 40698
38657 488376
309256 61047
120156 157122
6 4
3372 389358
3841 349364
3054 300821
10091 36
14371 40
3991 306348
5 1
3799 371475
11910 74
3102 303292
14695 5
3699 351712
10 6
11198 2
3862 371863
3865 336407
3338 398988
19107 100
3673 387821
15585 19
3012 327414
3676 367819
3605 335775
10 4
829602 898440
632440 266777
622871 748488
962437 58104
612022 160520
949454 816632
591309 704678
439528 875270
524822 189701
120404 23096
10 7
101851 762835
851803 91213
192521 403569
280005 277479
95457 813932
352137 220640
392580 197910
180443 430582
352137 220640
699783 111028
4 3
11868 529074
124614 50388
25194 249228
9576 655707
2 2
45288 100947
62271 73416
8 4
435168 705533
507035 658690
104093 880790
456699 245790
805191 61080
109892 772652
4821 388088
148254 117090
8 2
3012 325059
3006 367762
3408 341694
19323 84
10255 17
3003 378052
3316 398121
3437 391076
5 2
297807 61
27704 2417
21144 2549
22808 2320
268327 64
5 3
45353 150552
95931 71176
19516 349866
11439 596904
63612 107338
4 3
3052 325621
3061 335673
3220 382012
10736 53
3 1
292344 95
28325 2876
28879 2800
9 4
28745 2353
21148 2005
29949 2760
22698 2338
209070 13
241779 46
23939 2261
22449 2850
21764 2364
4 1
604608 485962
816568 581775
312162 158989
182354 69282
8 2
405449 218603
901450 98322
546759 162105
853753 103815
375119 236278
248531 356625
332573 266505
565225 156809
8 6
327958 249531
165346 494936
231077 354149
223294 366493
432684 189135
267298 306159
203990 401175
384861 212637
5 3
426972 19314
53244 154882
20358 405076
796536 10353
265512 31059
8 5
169911 26312
372186 12012
42021 106392
60697 73656
13662 327236
165416 27027
80388 55614
38502 116116
2 2
329337 67704
643356 34658
2 2
15048 383061
24244 237762
7 5
664790 61297
129486 314703
212982 191329
303226 134387
859135 47431
539573 75522
83730 486679
5 3
158615 616634
319417 306206
370397 264061
162416 602203
192667 507650
4 1
775171 15175
123869 94965
13382 879033
267431 43986
10 6
113652 103974
935766 12628
51987 227304
12177 970424
167958 70356
640584 18447
15996 738738
19866 594828
115661 102168
281736 41943
10 7
3268 323971
3916 301220
3297 306119
14352 65
3135 375558
3208 371421
11327 53
3971 396466
3947 380516
15118 34
6 2
3811 392625
3288 399706
15954 84
3422 381825
3322 322836
12445 5
10 7
828506 896834
358497 728132
387936 936074
567856 263606
215275 857705
910292 674812
236277 189787
754297 474700
154180 675212
354150 843975
7 5
921932 413598
790359 377131
767736 3249
661449 439063
111879 855033
229510 791317
551576 507217
9 5
565961 130694
602644 57944
107721 154498
266010 159954
891355 956734
931354 169491
191285 186662
802185 678231
915174 398074
6 4
211268 82
24618 2450
21299 2759
270520 37
28450 2834
24676 2237
7 3
29866 2887
25983 2175
25211 2766
263980 47
244100 76
26751 2083
28342 2747
4 3
46872 197087
68552 134757
789291 11704
59983 154008
10 10
1000000 1000000
1000000 1000000
1000000 1000000
1000000 1000000
1000000 1000000
1000000 1000000
1000000 1000000
1000000 1000000
1000000 1000000
1000000 1000000
7 1
13337 93
3588 376782
3620 361950
10771 25
3718 353892
3284 358775
3298 365863
8 5
3310 333835
3622 312080
3287 392089
3640 333382
10948 68
15283 27
3293 309979
3691 391294
6 4
89726 51084
141372 32422
209496 21879
65637 69832
123453 37128
583596 7854
7 3
61756 409549
309100 81825
456067 55457
607662 41622
40825 619525
680316 37177
96481 262146
7 2
275640 316388
152913 570319
209040 417189
251052 347375
460749 189277
186513 467577
364529 239238
4 3
22240 2861
233332 58
27282 2133
25705 2480
3 1
3818 369299
15398 38
3070 332288
8 6
112763 647131
78369 931139
448107 162846
432337 168786
111958 651784
768997 94893
339949 214657
570311 127952
6 1
3889 326076
11980 57
18164 90
3961 312918
3748 363861
3555 332270
9 5
588748 430213
760826 9691
598115 636134
832451 476514
167576 440135
812565 506038
179142 335120
675961 728182
765692 623685
10 7
275777 56
26097 2157
21509 2541
24580 2495
24963 2641
297863 79
27362 2010
22855 2858
237200 48
21716 2856
4 2
118546 94512
20830 537879
21708 516124
563781 19873
2 1
271624 52
25417 2294
6 3
12577 41
12858 98
3710 324700
3858 373019
3415 331089
3827 396515
7 3
463360 78446
52160 696870
647639 56125
166667 218092
479769 75763
74355 488854
195600 185832
8 6
37972 594429
988944 22824
398314 56668
174444 129392
34240 659219
41627 542236
210325 107318
165851 136096
7 4
297388 57942
550449 31304
846412 20358
876641 19656
968919 17784
308009 55944
165464 104139
9 3
3735 303017
17327 99
3514 374820
3620 323401
3261 398607
10423 22
3996 376741
3335 341323
3324 370549
4 3
689198 623130
654069 784550
47731 962715
402804 893133
3 1
733063 99764
64512 956562
21868 763176
5 1
800518 827579
111204 817150
619895 294866
652154 528911
761500 576793
9 6
6274 758459
119886 313049
429729 30119
418163 529527
165925 20261
626751 901497
100623 701728
218371 666907
860575 366781
5 3
3598 371172
17270 58
3897 384279
13069 89
3317 374454
8 4
985478 499979
764252 801953
776743 597615
971672 448112
530888 18739
530348 120596
503210 975182
236815 414717
2 1
17674 63
3491 374018
2 2
816354 4524
42408 87087
8 6
542533 163043
244997 721252
1011 910633
97317 179464
430416 736101
35575 700184
542637 883904
670306 303133
6 1
3927 339571
15653 24
3023 362974
3738 368256
3684 321805
18792 58
2 2
513513 9512
59983 81432
8 4
577467 951003
88738 203630
141404 474747
208658 660377
111526 469491
863576 916585
845306 607974
429632 37353
3 1
933756 321028
445860 751275
478486 864671
8 3
605498 325732
794753 622832
283042 681129
127559 373003
660392 467600
356519 27507
838104 111938
845701 681108
3 2
496248 95571
244237 194184
789291 60088
4 2
87082 879747
453309 169002
387131 197892
564630 135682
2 1
723856 560195
998245 718456
6 3
192450 189665
74342 490988
51599 707398
506024 72133
132890 274671
954425 38244
7 3
275996 232847
114448 561520
482824 133102
193002 332975
83214 772284
174374 368546
372900 172338
10 3
106938 559286
138670 431304
226579 263965
417491 143258
68480 873378
136748 437366
82349 726286
318833 187587
125891 475085
776820 76992
7 5
3619 369274
3581 356602
19709 75
3669 384110
15503 37
3300 369102
3065 310598
5 1
3362 377105
3108 351454
10891 4
3411 384449
14493 3
6 3
26357 2393
250572 28
27063 2207
29287 2329
26390 2255
278963 87
6 3
354590 225649
195042 51508
592293 951977
756377 439887
77480 858531
351473 328110
7 2
27397 2398
221724 80
212044 99
26023 2354
23856 2297
27563 2205
29128 2994
3 2
516516 21402
216398 51084
340956 32422
2 1
28326 2284
237710 53
6 2
3574 302062
15857 79
3339 305020
18379 37
3610 378413
3382 398037
10 5
21361 2084
21166 2059
255083 95
26405 2111
27436 2780
26249 2414
24256 2047
250629 80
249146 14
20347 2383
10 6
45288 851529
42957 897736
127428 302634
138159 279128
57276 673302
976948 39474
59409 649128
171828 224434
103156 373842
158424 243423
9 6
227450 62
22607 2200
243312 11
21407 2145
24772 2082
26314 2295
27524 2167
22760 2054
26091 2798
9 5
129789 64232
34188 243846
16872 494109
48507 171864
29946 278388
316008 26381
17556 474858
408177 20424
25641 325128
8 6
25859 2685
29585 2353
24916 2222
283267 20
20859 2208
24676 2315
219350 27
22003 2503
