100
2 1
100 20
200 10
2 2
100 20
200 10
3 2
100 10
100 10
100 10
4 2
9 3
7 1
10 1
8 4
7 2
29297 2297
25597 2902
277481 55
23530 2990
21584 2197
277531 60
26250 2974
7 5
3211 323069
3260 385855
3553 396257
3698 393659
17927 9
3746 349994
18644 41
9 5
313038 319304
843643 245714
989373 236849
987439 464309
426898 157328
198684 781006
568307 284253
293862 319245
64128 724533
6 4
15217 94
3748 364348
3346 393880
12862 72
3528 347027
3668 361832
2 2
54868 321678
68376 258129
10 10
1000000 1000000
1000000 1000000
1000000 1000000
1000000 1000000
1000000 1000000
1000000 1000000
1000000 1000000
1000000 1000000
1000000 1000000
1000000 1000000
7 1
105320 237237
184671 135299
287560 86889
451880 55293
87191 286564
132373 188753
110354 226415
5 2
79150 481696
110237 345857
168592 226145
40100 950779
204586 186358
3 2
14231 24
3872 372662
3147 383563
2 1
279977 25
23445 2492
7 5
263613 346526
351979 259529
356198 256455
150376 607469
249597 365985
255914 356951
352438 259191
6 4
3389 364383
3133 307581
3098 390298
14827 65
3119 368944
16479 61
6 1
249141 647237
94728 850626
759393 349388
909688 346808
802016 732216
259733 88154
5 1
759223 406532
397741 727932
970748 123136
110941 558611
408107 84988
3 2
39897 122808
319176 15351
611847 8008
5 1
552848 956441
620513 3121
531453 946603
57875 646974
320392 460271
7 4
20683 488376
26676 378658
127452 79254
151164 66822
18278 552636
54094 186732
11544 875007
6 3
270296 40
25514 2071
24754 2761
28609 2732
20808 2642
276568 39
5 2
23720 2184
24756 2998
229627 9
23765 2024
223595 37
5 3
31857 647064
392616 52503
109224 188727
231363 89096
200466 102828
9 4
318970 2364
466785 744867
45354 360786
145455 308029
526951 850043
308956 876595
19878 29977
402303 451164
225910 411782
8 6
3501 316970
10276 90
19747 64
3797 334704
3981 383323
3467 317872
3297 363766
3188 368742
6 2
245227 58
27660 2141
21086 2468
21545 2952
27159 2861
233451 77
8 6
26304 2196
27148 2233
29951 2393
23898 2653
258709 52
24819 2669
232564 11
21966 2548
7 3
23673 2805
22632 2271
22532 2713
29710 2306
260499 16
28530 2284
291525 6
3 1
162939 404836
333190 374504
505361 925125
5 2
433679 540975
410529 448563
143063 319457
132847 498060
752875 188615
7 5
3930 336687
3847 301719
3904 352539
10163 85
10588 74
3596 307224
3441 344699
6 3
204915 29
27002 2502
24069 2730
26958 2201
273678 5
22658 2881
2 1
215542 98
23307 2022
10 5
863896 844045
90143 311670
588758 632456
564545 471485
771464 233780
919550 336577
124926 914143
172733 583188
888749 961322
651384 187677
2 1
426404 149938
43714 430328
7 4
3377 310443
3453 395827
3938 371038
19796 82
19766 76
3895 375389
3498 318473
8 2
85604 341113
265992 536849
405054 838559
740712 917639
958101 437623
73038 540385
838456 126915
817297 444391
4 3
3541 334448
3855 317723
3605 343927
18826 14
6 1
21021 2691
27954 2488
285368 13
23615 2952
25507 2863
289945 36
2 1
17541 32
3898 396021
8 4
45575 981993
561014 79774
122916 364105
228988 195444
838913 53348
54186 825939
246526 181540
685260 65310
7 2
227527 71
25467 2690
21021 2674
23004 2158
27707 2986
29008 2254
241306 1
3 2
21401 2339
288711 94
29830 2654
9 5
13985 15
3730 350907
12884 25
3466 363437
3360 307969
3044 305789
3010 348955
3207 345897
3880 356250
9 4
7187 24551
968642 931727
242111 373352
13765 622279
315662 797831
210910 815774
79897 436121
823561 826004
993731 78362
3 2
888552 18183
56826 284316
47601 339416
3 1
513546 74014
175111 217060
885406 42929
2 1
294713 35
23424 2416
9 5
32051 738044
94911 249234
76857 307780
252143 93816
433322 54590
100106 236300
762943 31005
45709 517514
61556 384285
5 3
620203 807512
714022 864576
472160 775966
722581 785773
604007 398293
10 6
67599 78936
34632 154077
88044 60606
6216 858429
251082 21252
924462 5772
224664 23751
9657 552552
53592 99567
8294 643356
2 1
567832 126700
326515 220340
7 3
63589 349130
175837 126258
22926 968369
342146 64887
215741 102905
174975 126880
48583 456967
8 5
667667 8856
19734 299628
20358 290444
15834 373428
39606 149292
12628 468234
87087 67896
336168 17589
10 6
122808 121923
33201 450984
121923 122808
335916 44574
98532 151962
951762 15732
526148 28458
365769 40936
470764 31806
112746 132804
5 2
10024 96
17278 76
3628 375464
3130 344340
3136 352777
1 1
1 1
9 4
288798 521807
429219 434137
264653 779375
695077 102362
809941 763409
4878 654914
826052 247255
824858 390419
754110 466420
6 4
6508 569571
554898 989360
415265 270327
294329 459477
638631 515154
168471 719103
8 4
225913 866340
146974 951416
442813 73769
839313 54836
755005 378153
332958 394856
319285 275112
729637 324264
2 1
246961 92
25719 2249
3 2
351812 114088
641995 62520
46443 864232
2 1
297416 21
23399 2534
4 3
250838 60372
154284 98154
452088 33497
161253 93912
7 3
444691 145365
306158 211141
171603 376698
505996 127753
547790 118006
606357 106608
175798 367709
7 4
3154 310511
3812 320166
18252 90
3141 312470
19856 72
3530 335603
3493 372059
5 1
449265 118404
230830 230450
278495 191008
256095 207715
58497 909359
7 5
20535 2490
26578 2454
27337 2786
226786 53
27023 2140
22765 2563
204648 40
2 1
12828 73
3395 397856
6 2
3789 338388
3659 388615
3060 337078
14832 62
16911 89
3132 301481
10 7
27032 2343
299570 68
27854 2419
255005 54
23494 2009
25041 2356
226159 34
24739 2457
22857 2296
24073 2368
7 4
17917 515592
789291 11704
125419 73656
51832 178227
217341 42504
94116 98154
14364 643126
5 3
191919 37944
10013 727272
11718 621452
32984 220779
26676 272986
4 3
216524 11934
8892 290598
13832 186813
671517 3848
6 3
646394 26273
389119 43644
76935 220741
438671 38714
183027 92788
123632 137365
9 2
849548 847570
970409 258201
853152 186809
24837 350068
385162 346604
782513 376740
41708 372007
349263 580381
793225 612019
10 2
11719 45
3717 374035
3318 304138
3238 321156
3352 323120
13972 37
3177 368622
3546 300141
16804 34
3619 318576
10 6
399026 145085
925439 62557
388320 149085
474161 122095
246547 234814
406664 142360
267671 216283
262795 220296
213519 271136
66239 873997
3 2
53382 630036
601398 55924
564324 59598
8 5
415251 37128
127687 120744
403767 38184
19092 807534
437697 35224
32422 475524
34916 441558
294372 52374
5 3
39368 395901
77748 200466
601398 25916
296856 52503
57276 272118
5 2
20342 614411
717183 17427
24919 501559
27256 458554
16843 742050
5 2
479124 640477
836819 438582
828105 198928
751309 62767
591610 769509
2 1
16892 61
3279 392525
2 1
83224 232855
422765 45839
3 2
631467 75705
132121 361829
58049 823532
7 5
457126 121335
431315 128596
221108 250852
117106 473634
537987 103098
385294 143956
635823 87234
8 5
3861 388969
3412 336450
17873 2
3505 372423
3990 340734
3531 367213
3346 332147
11818 76
7 4
307692 57362
343656 51359
373842 47212
29928 589743
768152 22977
768453 22968
123453 142968
2 1
756155 70366
67219 791556
5 3
729738 779140
373835 89779
775323 602951
212216 935876
424219 7499
9 5
4914 440572
372372 5814
18972 114114
151164 14322
47736 45353
68068 31806
9672 223839
678249 3192
216216 10013
2 1
317032 188763
137948 433815
7 4
3086 329584
15303 77
3719 309687
14743 67
3982 300332
3103 339373
3903 377715
3 1
3547 383520
3046 382480
13401 43
6 1
256483 29
21151 2892
27829 2644
25955 2161
29793 2328
255188 33
7 5
759733 553402
235647 35548
553239 774430
288422 181986
47928 79761
834390 7348
322444 583240
5 3
269192 18819
20349 248952
21033 240856
8364 605682
541926 9348
6 4
507357 35224
65016 274873
28934 617652
23256 768453
498456 35853
68628 260406
