99
6 2 0 2 0 2 0
3 1 0 2 0 0 0
240 104 0 16 0 120 0
272 68 0 132 0 72 0
905 283 0 298 0 324 0
661 274 0 118 0 269 0
804 266 0 362 0 176 0
999 250 0 250 0 499 0
669 96 0 1 0 572 0
6 3 0 0 0 3 0
260 106 0 68 0 86 0
370 279 0 54 0 37 0
530 256 0 228 0 46 0
1000 333 0 334 0 333 0
987 452 0 473 0 62 0
6 2 0 1 0 3 0
92 34 0 24 0 34 0
332 285 0 4 0 43 0
892 555 0 185 0 152 0
4 1 0 2 0 1 0
1000 499 0 0 0 501 0
999 500 0 250 0 249 0
389 189 0 192 0 8 0
570 273 0 197 0 100 0
174 65 0 30 0 79 0
699 105 0 257 0 337 0
1000 500 0 499 0 1 0
371 180 0 99 0 92 0
687 288 0 181 0 218 0
211 84 0 38 0 89 0
195 38 0 70 0 87 0
842 419 0 277 0 146 0
577 169 0 240 0 168 0
331 37 0 150 0 144 0
1000 0 0 500 0 500 0
125 62 0 39 0 24 0
619 297 0 176 0 146 0
7 2 0 3 0 2 0
694 253 0 153 0 288 0
977 155 0 400 0 422 0
5 2 0 2 0 1 0
1000 500 0 250 0 250 0
23 4 0 9 0 10 0
565 134 0 165 0 266 0
45 1 0 22 0 22 0
3 1 0 1 0 1 0
547 235 0 211 0 101 0
158 62 0 48 0 48 0
255 59 0 116 0 80 0
999 499 0 0 0 500 0
995 388 0 439 0 168 0
825 369 0 294 0 162 0
225 55 0 60 0 110 0
107 46 0 20 0 41 0
3 2 0 0 0 1 0
660 23 0 321 0 316 0
401 159 0 67 0 175 0
790 398 0 151 0 241 0
150 51 0 34 0 65 0
612 250 0 106 0 256 0
809 400 0 83 0 326 0
100 4 0 79 0 17 0
279 57 0 117 0 105 0
999 499 0 1 0 499 0
545 148 0 241 0 156 0
311 135 0 150 0 26 0
998 390 0 172 0 436 0
904 236 0 384 0 284 0
989 330 0 360 0 299 0
918 392 0 243 0 283 0
114 52 0 55 0 7 0
374 148 0 148 0 78 0
4 1 0 1 0 2 0
265 108 0 121 0 36 0
216 77 0 62 0 77 0
466 147 0 156 0 163 0
5 1 0 3 0 1 0
3 0 0 0 0 3 0
4 0 0 3 0 1 0
819 263 0 297 0 259 0
828 414 0 165 0 249 0
4 2 0 1 0 1 0
803 601 0 132 0 70 0
4 2 0 0 0 2 0
666 114 0 316 0 236 0
990 320 0 407 0 263 0
999 333 0 333 0 333 0
809 130 0 290 0 389 0
17 11 0 2 0 4 0
564 8 0 4 0 552 0
5 3 0 0 0 2 0
331 78 0 93 0 160 0
867 106 0 349 0 412 0
609 268 0 156 0 185 0
237 8 0 75 0 154 0
88 39 0 31 0 18 0
748 338 0 337 0 73 0
203 32 0 74 0 97 0
886 204 0 335 0 347 0
