100
2 1
100 20
200 10
2 2
100 20
200 10
3 2
100 10
100 10
100 10
4 2
9 3
7 1
10 1
8 4
3 1
3056 355833
11485 74
3342 362768
9 3
927900 79164
362756 202495
158730 462775
389261 188707
151575 484620
188723 389228
74402 987289
128631 571062
182808 401822
3 1
147110 204744
705330 452169
486279 443110
9 5
78561 222456
106812 163618
471366 37076
40716 429226
47988 364182
37352 467883
389064 44919
500526 34916
67338 259532
3 1
281773 58
21463 2667
26436 2698
6 4
12369 816408
342171 29512
51243 197064
33201 304152
266133 37944
684342 14756
3 2
563673 11592
38502 169708
177422 36828
9 5
85239 54808
95914 48708
253708 18414
8463 552024
89544 52173
837837 5576
181753 25704
140712 33201
87516 53382
2 2
155992 56511
60606 145452
9 2
972911 99649
230479 420644
99242 976901
102166 948942
452788 214117
276719 350354
476774 203345
525991 184318
478126 202770
8 3
24501 2092
27475 2018
28666 2931
22588 2060
29407 2607
281097 30
27120 2961
297242 14
10 3
254567 58
204990 99
24958 2523
21183 2439
257809 15
29822 2492
22585 2967
21061 2841
28276 2430
29380 2221
1 1
1 1
10 3
610844 968574
177315 655940
910083 100837
599490 201468
13102 713362
700356 802988
454410 717540
498277 834212
214263 492570
983396 63394
10 10
1000000 1000000
1000000 1000000
1000000 1000000
1000000 1000000
1000000 1000000
1000000 1000000
1000000 1000000
1000000 1000000
1000000 1000000
1000000 1000000
2 2
353133 39928
435666 32364
5 3
5544 987753
6708 816354
362824 15093
140868 38874
303924 18018
3 1
29491 2446
24701 2715
265170 96
8 3
24614 2824
27465 2958
28680 2258
297226 1
22144 2231
296643 41
23089 2830
24663 2754
10 3
956557 233972
876741 184927
380145 652573
315666 358694
475625 956479
366701 443941
533923 557862
583521 474485
348959 502376
121781 504997
3 2
699112 846723
503355 46623
813900 441542
5 3
3723 300374
3678 399473
19740 37
13424 42
3778 313702
4 3
125290 609409
125397 608889
541621 140971
919349 83051
10 7
21318 2555
21816 2854
27934 2780
271723 89
25490 2237
20411 2500
28275 2113
22024 2033
254340 34
287117 86
5 3
866434 994396
16043 343199
734808 683058
967020 593548
352944 831559
9 4
63190 218034
953403 860299
199313 37005
218670 314539
418291 687449
331823 309666
156562 431733
974197 962441
19307 313865
10 7
938838 173378
640937 144163
426748 384125
945719 229766
170402 979465
808432 718100
630897 904916
211001 298023
838885 42734
245498 600096
9 5
425396 134109
678183 84121
106423 536063
106552 535414
64055 890632
145629 391745
275881 206790
93771 608391
86060 662903
4 2
584101 600802
242842 109467
520001 904877
576523 254039
5 1
825226 52844
55776 781846
787835 55352
721322 60456
118259 368752
5 3
79373 274536
558279 39032
88536 246123
61132 356454
43848 496961
9 3
380125 367828
984941 570685
717564 773125
112090 709584
565044 57537
412006 274613
962126 4634
482955 700324
618986 938144
9 3
3092 380992
13088 89
3545 303831
3459 330468
3903 357888
3994 386192
3248 364445
3159 330928
17231 37
7 4
247851 91
21487 2364
24110 2118
21085 2233
25214 2113
243620 26
25607 2020
6 4
384467 163768
782932 80420
186155 338231
605656 103959
388021 162268
87682 718088
6 1
25769 2918
25920 2120
296690 5
25860 2481
255013 12
22298 2402
4 2
490032 824880
472432 890901
632826 272713
371602 448365
6 4
126063 61336
227304 34017
35343 218776
8613 897736
29348 263466
313896 24633
6 1
353631 430719
620579 150068
48066 132567
422789 311030
463441 311682
223468 358177
2 1
783846 149285
596765 22847
6 4
12818 357588
9933 461448
84796 54054
80388 57018
358904 12771
256581 17864
4 1
156161 509142
871341 91248
160204 496293
117903 674352
4 1
3388 343335
3942 374680
3418 372740
18458 86
7 3
27002 2165
235597 21
233580 47
28816 2909
27656 2197
26200 2969
20440 2704
3 2
53751 453096
331731 73416
853461 28536
4 1
3918 330522
15475 8
3863 303447
3955 333314
5 3
254548 92
28511 2657
23695 2490
29001 2838
291283 25
3 1
22453 2059
257088 76
25764 2977
3 2
671832 20757
16254 857956
265608 52503
5 1
3360 355978
3998 364738
12131 30
3378 357810
19533 99
10 6
3574 366305
3542 393651
16821 10
14228 55
3289 379624
3219 383501
3986 376470
3061 321416
3770 334793
13134 5
10 3
423461 128126
152080 356762
60468 897274
294031 184526
65832 824164
87402 620768
533930 101617
445740 121722
503862 107681
517506 104842
9 4
26653 2290
21982 2976
26704 2584
209610 92
27118 2834
23355 2204
21122 2474
25546 2241
275597 96
7 2
240681 54
20493 2279
223446 65
25457 2084
29007 2886
20993 2213
26009 2324
5 2
21069 2549
275030 33
270728 95
22498 2631
25002 2079
4 3
25810 636950
19377 848412
101477 162004
42763 384437
10 7
3185 385918
18821 96
3735 304566
3159 382256
3857 399868
3780 394433
18271 34
3801 309931
19653 21
3829 372464
9 5
49141 928006
244170 186768
411499 110822
267326 170590
186768 244170
311297 146494
340902 133772
265686 171643
119930 380248
4 3
479645 203678
228893 426807
595102 164162
124546 784394
6 1
11588 251737
174103 968791
480103 269081
614093 150849
129642 899145
529430 279580
4 2
467643 722770
725161 763894
599227 857371
562522 431634
4 3
62336 949185
308050 192074
896749 65981
653845 90493
3 1
73991 521115
257643 149656
107658 358151
2 1
403349 213505
885595 97242
9 5
15589 68
3233 380754
3942 305583
3351 305584
3298 312460
3317 322798
3646 365029
17290 76
3924 365085
7 4
12864 98
3402 320278
3340 372014
3710 356242
16501 12
3351 306258
3921 314198
6 4
3568 376260
17820 8
16849 20
3412 383265
3933 353459
3788 308526
8 2
19102 37
3816 354503
3060 396554
3919 382441
3683 354998
3292 376217
3578 380430
16954 42
7 2
3850 346112
3548 381579
19174 50
3395 398402
3280 364113
3528 369845
11760 2
8 6
241427 265152
575342 111264
671170 95378
77730 823554
814936 78552
616280 103873
683839 93611
489500 130776
3 2
34056 143871
83538 58652
14756 332046
6 2
242112 34
206141 9
28652 2126
28584 2007
26033 2028
25152 2119
10 5
3725 337650
16269 54
11083 53
3400 379482
3260 378658
3744 369511
3668 367254
3604 396616
3612 381952
12723 39
5 2
500866 420045
885175 814428
301477 306884
880819 196885
669644 47661
7 4
3465 360676
18712 53
3037 365441
18987 21
3354 332695
3880 323618
3069 383433
8 4
258045 870074
39090 240686
297275 743
438551 762628
381775 732233
736321 541154
873495 466876
855218 811641
4 2
181317 958937
505054 107304
383980 525191
704643 402998
10 3
561617 116024
626651 103983
160256 406606
99847 652609
711987 91520
73419 887523
71655 909372
599971 108607
67719 962227
168063 387718
8 5
11856 94
3581 357321
3064 399567
3212 385461
3400 374964
3765 376946
11765 4
3817 368467
4 1
22838 2449
29711 2114
22459 2555
264347 100
6 4
34452 58786
62244 32538
2431 833112
4147 488376
60291 33592
6786 298452
2 1
3736 369672
16590 97
2 2
15283 715176
14663 745416
5 3
80388 44574
19836 180642
34408 104139
110124 32538
383724 9338
2 1
67483 629646
151290 280854
9 6
152938 574160
134532 8698
907687 455246
261624 368549
827645 588925
435632 976579
275291 402827
775407 517163
118036 394483
2 2
18722 617652
428904 26961
5 1
224820 46
250990 69
23664 2798
25809 2506
27605 2123
8 5
203688 43043
59202 148092
118404 74046
442728 19803
344344 25461
8856 989989
17589 498456
39732 220662
5 1
3231 320651
3780 340639
3047 368646
16521 39
10890 73
5 3
24274 2783
21027 2867
250589 71
20315 2616
290912 70
3 2
213624 127687
47656 572373
138159 197432
2 1
545825 613905
292864 944932
7 4
922713 101982
127712 736815
578007 162801
204362 460458
800001 117625
146567 642028
446851 210585
9 5
209019 297932
720224 86464
181282 343517
115913 537243
697859 89235
591329 105311
96758 643600
734400 84795
108210 575487
10 7
15369 65
3918 321757
3498 322245
3421 393109
3797 379892
3995 364464
15614 33
3044 391573
3283 372915
17483 47
